%YAML:1.0
---
model_type: PINHOLE
camera_name: pinhole
image_width: 1280
image_height: 720
distortion_parameters:
   k1: -0.3026313781738281
   k2:  0.08298110961914062
   p1:  0.00075531005859375
   p2: -0.00054931640625
projection_parameters:
   fx: 711.4266357421875
   fy: 712.2945556640625
   cx: 630.9644165039062
   cy: 352.10565185546875
