%YAML:1.0
---
model_type: MEI
camera_name: camera
image_width: 848
image_height: 800
mirror_parameters:
   xi: 0
distortion_parameters:
   k1: -6.3794981688261032e-03
   k2: -3.9464488625526428e-02
   p1: 4.1455611586570740e-02
   p2: 6.9808149710297585e-03
projection_parameters:
   gamma1: 2.8481259155273438e+02
   gamma2: 2.8597601318359375e+02
   u0: 4.2766159057617188e+02
   v0: 3.9712341308593750e+02
