%YAML:1.0
---
CameraExtrinsicMat: !!opencv-matrix
   rows: 4
   cols: 4
   dt: d
   data: [ -1.2866589987073040e-01, -1.2937754940996415e-02, 9.9160360059226360e-01, 7.8562691695536410e-02,
           -9.9118411640702120e-01,  3.3549046227023371e-02, -1.2817374489219518e-01, 4.1484322701292688e-02,
           -3.1609074533867410e-02, -9.9935332890541950e-01,-1.7140315422086605e-02, -9.1600419087036714e-02, 
            0., 0., 0., 1. ]

#    data: [ -0.1286659,  -0.99118412, -0.03160907,  0.04833154,
#            -0.01293775,  0.03354905,-0.99935333, -0.09191652,
#             0.9916036,  -0.12817374, -0.01714032, -0.07415591,
#             0.,          0.,          0.,          1.        ]



CameraMat: !!opencv-matrix
   rows: 3
   cols: 3
   dt: d
   data: [ 3.4968246781528728e+02, 0., 3.2485305543309875e+02, 0.,
       3.4868920473522888e+02, 2.3750031383875151e+02, 0., 0., 1. ]
DistCoeff: !!opencv-matrix
   rows: 1
   cols: 5
   dt: d
   data: [ -3.4135141189649532e-01, 1.6953894622322133e-01,
           6.1091064152344189e-04, -1.1914717191260301e-03,
          -4.7863219625433925e-02 ]
ImageSize: [ 640, 480 ]
ReprojectionError: 7.9261789682590722e-01
